1.0
1.0
1.0
1.0
1.0
1.0
1.0
1.0
1.0
1.0
1.33333333333
1.33333333333
1.33333333333
1.33333333333
1.66666666667
1.66666666667
1.66666666667
1.66666666667
1.66666666667
1.66666666667
1.66666666667
1.66666666667
1.66666666667
0.5
0.5
0.5
0.5
0.5
0.5
0.5
0.5
0.5
0.5
0.5
0.5
0.5
0.5
0.5
0.5
0.56
0.56
0.615384615385
0.653846153846
0.653846153846
0.65625
0.65625
0.6875
0.6875
0.6875
0.6875
0.6875
0.6875
0.6875
0.6875
0.6875
0.71875
0.71875
0.71875
0.71875
0.71875
0.71875
0.71875
0.71875
0.71875
0.71875
0.71875
0.71875
0.71875
0.71875
0.71875
0.71875
0.71875
0.71875
0.71875
0.71875
0.71875
0.71875
0.71875
0.71875
0.71875
0.71875
0.71875
0.71875
0.71875
0.75
0.75
0.75
0.75
0.75
0.75
0.75
0.75
0.78125
0.8125
0.8125
0.8125
